1	1	2018-02-10.17:20:22	25
2	2	2018-02-10.17:20:27	24.44
3	3	2018-02-10.17:20:30	25.56
4	4	2018-02-10.17:20:36	24.06
5	1	2018-02-10.17:25:13	25.31
6	2	2018-02-10.17:25:16	25.37
7	3	2018-02-10.17:25:20	25.37
8	4	2018-02-10.17:25:26	24.69
9	1	2018-02-10.17:30:04	24.5
10	2	2018-02-10.17:30:04	24.5
11	3	2018-02-10.17:30:12	23.19
12	4	2018-02-10.17:30:16	23.56
13	2	2018-02-10.17:34:50	20.19
14	1	2018-02-10.17:34:51	20.25
15	3	2018-02-10.17:34:58	15.81
16	4	2018-02-10.17:35:04	19.25
17	2	2018-02-10.17:39:35	16.19
18	1	2018-02-10.17:39:38	16.06
19	3	2018-02-10.17:39:45	10.94
20	4	2018-02-10.17:39:50	15.38